﻿Occupation,Pet,Cummulative Pet
Physicians,7.06,7.06
Primary school teachers,4.37,11.43
Registered nurses,4.1,15.53
"Managemers and administrators, n.e.c.",3.59,19.12
Pharmacists,3.3,22.42
Dental laboratory and medical appliance technicians,3.2,25.62
Clinical laboratory technologies and technicians,3.07,28.69
"Teachers, n.e.c.",2.72,31.41
Secretaries,2.62,34.03
Secondary school teachers,2.39,36.42